x = 1.5873829681716571
steps = 4
y = 5.8135369789269475e-06
accuracy = 1e-05