x = 1.5873806113570976
steps = 5
y = -1.4011768190158591e-08
accuracy = 1e-05