x = 1.5873783400687698
steps = 3
y = -5.630070806006415e-06
accuracy = 1e-05