x = 1.5873805784613821
steps = 3
y = -9.535085077061467e-08
accuracy = 1e-05